44.1003125
43.02625
49.02625
40.82625
69.775
69.775
75.15
75.15
75.15
64.32645833333333
64.32645833333333
38.958124999999995
55.758125
53.358125
50.334374999999994
58.73437499999999
70.0
67.6
70.0
69.525
65.925
69.25
72.85
72.85
76.45
69.25
56.7534375
45.9534375
60.3534375
48.46177083333333
61.661770833333335
59.7125
40.5125
59.7125
63.662499999999994
63.662499999999994
62.3125
14.3125
53.9125
51.872708333333335
60.272708333333334
56.67270833333333
72.9375
75.3375
65.875
63.474999999999994
44.275
65.475
58.275
60.55
54.55
56.949999999999996
59.27916666666667
58.079166666666666
62.861666666666665
62.861666666666665
61.66166666666666
58.525
60.925
58.4375
70.4375
76.4375
64.33749999999999
65.5375
74.5875
62.5875
60.1875
54.8078125
40.4078125
54.36895833333333
59.16895833333333
0.3689583333333333
75.35
71.75
58.324999999999996
58.324999999999996
52.324999999999996
69.4375
77.2375
59.47833333333333
54.678333333333335
55.87833333333334
70.6375
65.8375
69.9875
69.9875
67.5875
70.9875
68.58749999999999
66.13666666666667
65.13666666666667
60.336666666666666
40.5875
59.787499999999994
54.03520833333333
1.235208333333333
71.7
70.5
71.7
58.375
